3 1.697030 1.700147
4 3.029987 2.885018
5 2.479090 1.582123
6 3.187183 3.115205
7 3.757929 3.472065
8 3.363485 4.449154
9 4.543114 4.730876
10 4.656089 5.048812
11 5.264048 5.191997
12 5.859484 14.392436
13 6.663018 13.122019
14 7.212783 14.952770
15 7.483115 14.003229
16 6.871140 15.248674
17 8.280259 16.376028
18 8.215200 17.396656
19 8.970495 15.552803
20 9.365756 17.642431
21 9.092143 18.401513
22 9.113083 18.307314
23 9.312407 19.200309
24 10.223009 19.596237
25 10.487034 18.724759
26 10.820541 19.617168
27 11.441448 20.967459
28 11.062161 22.049245
29 14.406517 21.875582
30 12.157371 22.083613
31 12.716804 23.310348
32 12.599894 22.069867
33 11.385705 23.818965
34 12.057014 24.625040
35 12.630153 24.462083
36 14.376529 25.950352
37 13.919285 26.539797
38 14.732626 26.403428
39 14.078209 26.876746
40 14.380687 24.934297
41 14.845882 26.845347
42 15.405846 27.522155
43 14.886902 26.918397
44 14.727911 28.001632
45 14.744088 28.666183
46 16.056767 28.323493
47 15.457928 29.545161
48 15.766557 29.084059
49 15.924257 28.641088
50 19.085388 29.986874
51 16.538430 29.678332
52 17.582072 30.795524
53 18.452404 30.892619
54 18.684109 30.289591
55 17.411233 31.744128
56 19.325775 33.645264
57 20.018357 32.945163
58 19.489298 33.000136
59 20.030586 33.050656
60 18.257150 32.087067
61 18.011090 33.448842
62 18.511290 34.455158
63 19.048727 32.869652
64 19.551211 34.426343
65 20.508810 34.465287
66 18.770343 34.931657
67 19.534526 34.397625
68 19.083099 35.495275
69 20.210248 34.004110
70 19.951568 35.518871
71 19.824575 36.166896
72 22.038615 36.299427
73 23.300579 36.112744
74 23.446845 36.614295
75 23.588216 37.164045
76 20.700090 36.762257
77 20.884085 38.516512
78 22.703125 37.803631
79 22.656460 37.099522
80 24.130183 37.961034
81 23.704582 38.837677
82 23.970601 38.995910
83 23.407975 39.625621
84 22.033738 39.460931
85 24.297819 39.037610
86 23.801631 39.113406
87 24.681048 39.012137
88 24.877464 39.889508
89 24.544161 40.550868
90 24.703334 40.339705
91 24.795666 41.790459
92 23.694459 40.708059
93 24.525991 41.025958
94 23.714221 41.624409
95 24.247665 41.815328
96 23.720861 42.504771
97 24.972091 42.890357
98 26.731838 41.847816
99 24.560083 42.633916
